174 1
10
55
128
174
177
244
313
315
368
381
386
390
437
442
460
480
508
538
632
636
691
702
714
757
775
848
938
1144
1207
1230
1260
1428
1506
1650
1720
1873
1880
1980
2027
2065
2073
2169
2209
2360
2391
2401
2548
2575
2603
2666
2889
3039
3498
3555
3559
3582
3774
3969
4038
4124
4176
4306
4313
4630
4763
4951
5143
5376
5473
5497
5710
5764
5812
5910
5937
6063
6097
6409
6594
6713
7292
7813
7869
7993
8218
8481
8642
8686
8864
8868
9035
9061
9107
9372
9598
9612
9705
9836
9854
10154
10161
10280
10619
10980
10997
11029
11552
11777
11902
12028
12160
12621
13142
13206
13316
13435
13542
13973
13986
14317
14320
14664
15053
15332
15882
17684
19422
19424
19904
20549
21803
22431
23852
24348
25083
26519
26575
26654
27414
28289
29676
31137
31203
31309
32733
33136
34725
35832
36630
37806
39267
40001
40041
40589
40747
41180
41849
41980
42301
43473
44475
44476
44895
44965
44976
45169
46345
48008
48799
50116
50411
50669
50864
53681
