277 1
4
10
11
13
17
30
34
37
39
51
56
58
59
63
65
67
69
70
73
92
100
104
107
110
112
114
115
116
117
118
119
121
127
130
137
140
152
153
154
156
157
161
162
163
164
165
167
175
178
179
196
198
200
201
203
208
211
213
225
229
243
246
255
257
258
266
273
290
292
294
295
296
297
298
299
307
314
324
330
333
335
339
341
342
346
347
349
350
352
353
355
359
361
364
365
371
372
373
379
380
386
397
410
411
412
419
429
430
442
446
452
455
462
465
466
468
469
487
497
500
510
514
515
538
539
556
560
564
566
583
585
586
592
593
601
606
611
619
623
633
635
639
641
643
644
646
648
651
652
653
663
664
668
719
750
756
852
889
950
954
974
975
1047
1061
1080
1085
1099
1102
1105
1122
1210
1255
1267
1277
1399
1433
1437
1475
1476
1492
1543
1545
1583
1627
1696
1736
1776
1814
2012
2019
2020
2034
2039
2079
2104
2142
2150
2179
2196
2234
2282
2457
2459
2499
2536
2572
2599
2706
2721
2733
2766
2801
2839
2873
2901
2915
2916
2962
2977
3044
3085
3100
3112
3134
3163
3175
3187
3268
3274
3298
3308
3336
3348
3353
3422
3429
3453
3458
3475
3516
3519
3651
3810
3822
3932
3935
3945
3951
3970
3996
3998
4028
4068
4085
4136
4200
4243
4247
4261
4328
4334
4403
4429
4444
4458
4487
4505
4517
4564
4668
4671
4683
4694
4708
4768
4806
4826
