0
1
4
6
8
10   
12   
14   
16   
18   
20   
22   
24   
26   
29   
40   
61   
69   
82   
128  
454  
651  
785  
948  
950  
951  
955  
973  
974  
979  
980  
984  
985  
990  
991  
992  
999  
1032 
1035 
1040 
1041 
1042 
1049 
1050 
1051 
1052 
1059 
1092 
1093 
1094 
1095 
1096 
1098 
1099 
1112 
1113 
1116 
1118 
1119 
1120 
1121 
1122 
1137 
1141 
1142 
1144 
1182 
1184 
1185 
1186 
1187 
1188 
1189 
1190 
1191 
1192 
1193 
1194 
1196 
1197 
1199 
1200 
1224 
1225 
1230 
1231 
1232 
1233 
1235 
1236 
1237 
1239 
1240 
1242 
1243 
1247 
1248 
1249 
1250 
1253 
1254 
1255 
1256 
1294 
1295 
1296 
1297 
1298 
1299 
1301 
1314 
1315 
1317 
1318 
1321 
1322 
1323 
1326 
1327 
1331 
1332 
1333 
1334 
1340 
1341 
1374 
1375 
1376 
1381 
1382 
1383 
1387 
1388 
1389 
1390 
1391 
1392 
1393 
1394 
1399 
1401 
1430 
1434 
1435 
1436 
1437 
1438 
1439 
1440 
1441 
1454 
1455 
1456 
1458 
1462 
1463 
1467 
1468 
1469 
1470 
1474 
1475 
1477 
1478 
1479 
1480 
1485 
1486 
1524 
1525 
1526 
1527 
1528 
1529 
1530 
1531 
1532 
1533 
1534 
1535 
1536 
1537 
1538 
1539 
1540 
1541 
1566 
1573 
1574 
1575 
1582 
1583 
1584 
1585 
1591 
1592 
1597 
1598 
1632 
1633 
1635 
1645 
1647 
1649 
1661 
1663 
1665 
1666 
1667 
1669 
1673 
1674 
1675 
1677 
1681 
1683 
1685 
1689 
1691 
1756 
1760 
1762 
1764 
1857 
1891 
1924 
2015 
2030 
2296 
2368 
2394 
2495 
2503 
2523 
2567 
2617 
2626 
2629 
2635 
2717 
2753 
2755 
2765 
2873 
2874 
2926 
2945 
2993 
3014 
3148 
3175 
3191 
3192 
3209 
3213 
3217 
3219 
3221 
3229 
3230 
3233 
3235 
3237 
3329 
3341 
3347 
3371 
3487 
3610 
3632 
3654 
3766 
3767 
3789 
3808 
3892 
3893 
3907 
3915 
3927 
3935 
3939 
3941 
3943 
3947 
3950 
3951 
3953 
3962 
3968 
3974 
4064 
4065 
4080 
4239 
4348 
4349 
4449 
4451 
4453 
4461 
4465 
4466 
4469 
4473 
4475 
4477 
4479 
4481 
4506 
4556 
4562 
4563 
4799 
4822 
4823 
4887 
5798 
5931 
6278 
6279 
6283 
6289 
6294 
6297 
6303 
6305 
6306 
6308 
6311 
6316 
6345 
6346 
6349 
6350 
6354 
6357 
6359 
6360 
6361 
6363 
6365 
6368 
6377 
6378 
6382 
6386 
6388 
6389 
6390 
6391 
6392 
6393 
6398 
6406 
6415 
6417 
6433 
6435 
6437 
6439 
6463 
6483 
6484 
6541 
6547 
6548 
6550 
6557 
6559 
6563 
6565 
6573 
6584 
6587 
6589 
6590 
6595 
6605 
6607 
6608 
6609 
6612 
6614 
6624 
6626 
6627 
6632 
6633 
6634 
6636 
6639 
6640 
6641 
6642 
6644 
6645 
6649 
6653 
6668 
6672 
6676 
6678 
6679 
6690 
6693 
6695 
6699 
6707 
6723 
6724 
6725 
6729 
6732 
6746 
6752 
6758 
6759 
6765 
6770 
6775 
6814 
6821 
6822 
6827 
6832 
6837 
6838 
6839 
6841 
6844 
6845 
6854 
6858 
6862 
6865 
6870 
6871 
6872 
6874 
6875 
6878 
6879 
6885 
6887 
6890 
6895 
6896 
6897 
6902 
6910 
6912 
6913 
6915 
6918 
6920 
6925 
6926 
6930 
6931 
6932 
6933 
6934 
6935 
6937 
6949 
6952 
6960 
6969 
6988 
6989 
6990 
6996 
6997 
6999 
7001 
7003 
7004 
7007 
7011 
7012 
7014 
7019 
7020 
7024 
7026 
7027 
7029 
7036 
7037 
7038 
7039 
7041 
7045 
7058 
7089 
7093 
7094 
7096 
7097 
7103 
7106 
7107 
7110 
7120 
7124 
7125 
7131 
7133 
7136 
7139 
7141 
7145 
7146 
7147 
7148 
7149 
7151 
7160 
7161 
7163 
7172 
7173 
7175 
7179 
7182 
7185 
7186 
7187 
7191 
7193 
7200 
7209 
7212 
7217 
7220 
7221 
7223 
7227 
7228 
7229 
7230 
7231 
7235 
7236 
7237 
7240 
7241 
7243 
7247 
7254 
7261 
7262 
7263 
7266 
7277 
7282 
7283 
7284 
7292 
7293 
7295 
7296 
7300 
7303 
7308 
7309 
7312 
7317 
7322 
7323 
7324 
7330 
7337 
7338 
7341 
7343 
7344 
7346 
7352 
7353 
7354 
7362 
7365 
7367 
7371 
7377 
7380 
7381 
7382 
7389 
7391 
7398 
7421 
7422 
7428 
7433 
7435 
7449 
7453 
7454 
7458 
7461 
7462 
7464 
7481 
7487 
7494 
7512 
7513 
7515 
7518 
7526 
7551 
7556 
7572 
7586 
7588 
7599 
7606 
7607 
7621 
7636 
7641 
7657 
7678 
7679 
7698 
7701 
7710 
7712 
7729 
7732 
7736 
7747 
7758 
7760 
7762 
7763 
7768 
7797 
7838 
7839 
7853 
7854 
7855 
7856 
7857 
7882 
7886 
7892 
7894 
7897 
7899 
7901 
7903 
7914 
7916 
7917 
7922 
7923 
7931 
7932 
7933 
7935 
7937 
7952 
7961 
8008 
8011 
8015 
8017 
8018 
8019 
8020 
8021 
8022 
8027 
8049 
8050 
8068 
8069 
8078 
8079 
8086 
8089 
8101 
8118 
8121 
8141 
8155 
8160 
8161 
8163 
8169 
8175 
8176 
8178 
8185 
8197 
8201 
8212 
8214 
8215 
8216 
8218 
8220 
8222 
8224 
8225 
8227 
8231 
8234 
8236 
8251 
8253 
8260 
8261 
8266 
8270 
8277 
8283 
8285 
8288 
8289 
8290 
8292 
8298 
8313 
8314 
8322 
8323 
8332 
8339 
8345 
8346 
8355 
8356 
8361 
8362 
8371 
8386 
8387 
8388 
8396 
8398 
8410 
8413 
8416 
8418 
8422 
8427 
8429 
8430 
8431 
8432 
8434 
8444 
8446 
8447 
8452 
8457 
8463 
8470 
8479 
8481 
8487 
8492 
8496 
8498 
8502 
8508 
8515 
8516 
8523 
8526 
8531 
8532 
8537 
8641 
8802 
9217 
9263 
9283 
9436 
9437 
9536 
10196
10314
10411
10823
10854
10861
10868
10875
10880
10920
10921
10942
10961
10964
10998
11100
11102
11118
11120
11131
11149
11157
11193
11221
11234
11241
11267
11319
11407
11452
11453
11470
11485
11506
11515
11527
11529
11541
11546
11553
11555
11564
11571
11584
11613
11671
11682
11718
11748
11810
11811
11844
11845
11870
11935
11969
11986
11987
11990
11992
11995
12008
12012
12016
12018
12019
12029
12037
12146
12208
12213
12214
12217
12218
12237
12289
12363
12370
12373
12392
12394
12402
12404
12427
12435
12437
12440
12449
12456
12457
12462
12468
12475
12481
12482
12501
12502
12505
12507
12509
12523
12528
12536
12538
12541
12585
12605
12640
12661
12665
12678
12687
12701
12712
12720
12769
12773
12779
12854
12902
12943
12949
12956
12957
12993
12994
13060
13083
13084
13088
13105
13126
13147
13155
13158
13175
13206
13214
13215
13234
13243
13245
13248
13249
13257
13273
13286
13304
13418
13438
13444
13463
13466
13472
13476
13478
13481
13564
13588
13596
13661
13677
13683
13704
13705
13723
13726
13728
13734
13737
13738
13749
13762
13770
13771
13778
13779
13781
13800
13812
13835
13843
13844
13845
13855
14121
14177
14184
14185
14189
14193
14194
14248
14278
14286
14287
14295
14336
14344
14418
14450
14451
14453
14464
14484
14491
14493
14498
14527
14531
14541
14542
14550
14603
14606
14608
14613
14614
14637
14660
14662
14678
14681
14698
14716
14729
14735
14740
14741
14745
14747
14751
14752
14771
14775
14778
14780
14803
14811
14824
14825
14838
14842
14843
14844
14854
14873
14874
14881
14884
14886
14898
14899
14903
14904
14912
14922
14923
14931
14937
14952
14953
14966
14974
14985
14986
14987
15000
15008
15010
15017
15019
15033
15039
15044
15045
15047
15065
15074
15076
15077
15093
15094
15101
15104
15113
15121
15123
15179
15183
15188
15195
15199
15211
15216
15224
15231
15232
15244
15255
15257
15260
15265
15268
15279
15280
15293
15301
15315
15365
15390
15391
15393
15401
15430
15444
15445
15469
15481
15483
15491
15500
15548
15552
15554
15569
15583
15587
15607
15613
15614
15663
15688
15696
15748
15749
15763
15764
15779
15783